this is list of of points sorted in clockwise manner: [(8, 1), (9, 0), (9, 1), (10, 0), (9, 2), (11, 1), (12, 1), (11, 2), (15, 1), (12, 2), (13, 2), (14, 2), (15, 2), (12, 3), (16, 4), (15, 4), (10, 4), (4, 4), (2, 4), (2, 3), (0, 2), (1, 2), (0, 1), (1, 1), (5, 2), (1, 0), (5, 1), (6, 1), (6, 0), (7, 0)]
origin: origin=(8,3)

and this this is their angles:

1.5707963267948966
1.892546881191539
2.0344439357957027
2.158798930342464
2.356194490192345
2.5535900500422257
2.677945044588987
2.819842099193151
2.8632929945846817
2.896613990462929
2.9441970937399127
2.976443976175166
2.999695598985629
3.141592653589793
-3.017237659043032
-2.999695598985629
-2.677945044588987
-0.24497866312686414
-0.16514867741462683
0.0
0.12435499454676144
0.14189705460416394
0.24497866312686414
0.27829965900511133
0.3217505543966422
0.40489178628508343
0.5880026035475675
0.7853981633974483
0.982793723247329
1.2490457723982544